GEO_ID,Under18,18to24,25to29,30to34,35to39,40to44,45to49,50to54,55to59,60to64,Over65
0500000US01001,25.2,8.6,6.3,5.9,7.1,6.6,7.3,7.4,6.5,5.2,14.0
0500000US01003,22.2,7.7,5.6,5.7,5.9,6.5,6.7,7.2,6.7,7.1,18.7
0500000US01005,21.5,9.4,6.8,7.0,6.9,5.4,6.8,7.0,6.6,6.1,16.5
0500000US01007,21.1,9.2,7.1,6.7,5.7,7.8,7.9,7.5,6.5,5.7,14.9
0500000US01009,23.6,8.0,5.6,5.9,5.5,7.2,7.1,7.0,6.3,6.6,17.2
0500000US01011,21.6,9.0,7.4,5.0,8.3,6.5,6.4,7.3,5.4,8.0,15.1
0500000US01013,23.3,7.9,5.8,6.2,5.3,6.7,5.9,6.7,6.8,7.2,18.1
0500000US01015,22.1,10.0,6.7,6.1,6.1,6.0,6.4,7.0,7.0,6.7,15.9
0500000US01017,21.4,8.5,6.0,5.6,5.5,6.5,6.6,7.5,7.7,6.4,18.4
0500000US01019,20.6,7.2,4.9,4.6,5.5,6.3,7.0,7.7,8.2,7.6,20.3
0500000US01021,24.2,8.0,6.7,6.6,6.3,7.1,6.4,6.6,7.3,5.6,15.2
0500000US01023,20.8,8.1,4.5,5.2,5.0,6.4,6.7,7.8,8.1,6.7,20.7
0500000US01025,22.6,8.9,5.1,5.5,5.9,6.2,6.8,7.5,6.5,7.0,18.1
0500000US01027,21.6,8.3,4.9,4.5,5.4,7.3,6.7,7.6,7.5,6.8,19.4
0500000US01029,23.5,7.4,5.3,5.4,6.4,6.7,7.1,7.0,7.0,6.2,18.2
0500000US01031,23.8,8.3,6.4,6.2,6.5,7.0,6.8,6.8,6.8,5.6,15.8
0500000US01033,21.6,8.0,6.0,5.9,4.9,7.2,6.6,7.2,7.3,6.8,18.5
0500000US01035,22.2,8.4,5.0,4.9,4.7,6.2,6.2,7.2,8.0,6.9,20.3
0500000US01037,18.3,8.9,3.9,5.1,4.8,9.2,6.6,7.4,9.2,7.9,18.7
0500000US01039,22.0,7.7,5.6,5.7,5.6,5.7,6.1,7.4,7.0,7.0,20.2
0500000US01041,22.9,8.4,5.6,5.1,6.3,6.1,6.4,7.6,8.1,6.0,17.5
0500000US01043,22.5,8.3,6.2,5.8,6.3,6.1,6.6,7.3,6.9,6.4,17.8
0500000US01045,23.6,9.1,7.2,7.2,6.5,5.7,5.9,6.8,7.3,5.2,15.4
0500000US01047,25.2,9.5,6.0,5.7,5.3,5.7,5.8,7.2,7.4,6.5,15.7
0500000US01049,24.7,8.4,5.9,6.1,6.0,7.2,6.8,6.6,6.3,6.5,15.5
0500000US01051,22.9,9.2,6.5,6.9,6.8,7.2,7.0,7.2,7.0,5.4,13.9
0500000US01053,22.3,9.7,5.8,6.0,6.3,6.6,6.9,7.2,6.7,5.9,16.7
0500000US01055,22.0,8.6,5.7,5.7,6.6,6.5,6.7,7.1,7.6,6.1,17.4
0500000US01057,21.5,8.2,5.2,5.5,5.5,6.4,6.8,7.0,6.7,7.7,19.5
0500000US01059,24.3,9.4,5.7,6.1,6.0,7.1,6.3,7.0,6.2,5.8,16.0
0500000US01061,22.2,7.6,5.5,6.0,5.6,6.7,6.7,6.8,8.0,5.9,19.0
0500000US01063,23.2,7.4,7.1,5.8,5.9,3.7,5.6,7.1,8.1,8.2,18.0
0500000US01065,23.5,9.0,5.5,5.4,6.8,3.8,6.0,8.0,6.2,8.0,17.7
0500000US01067,21.1,7.8,4.7,5.0,7.1,5.8,6.2,6.7,7.4,7.5,20.6
0500000US01069,23.8,8.1,6.5,6.5,5.9,6.8,6.5,7.0,6.9,6.1,16.0
0500000US01071,21.7,7.7,5.4,5.4,6.3,6.5,6.8,7.3,7.6,6.9,18.5
0500000US01073,23.1,9.2,7.3,7.0,6.3,6.4,6.2,6.9,7.0,6.2,14.3
0500000US01075,21.7,7.2,5.2,5.6,5.3,6.4,6.4,7.3,8.5,6.2,20.2
0500000US01077,20.5,11.3,6.0,5.7,5.1,6.3,6.3,6.9,7.2,6.3,18.3
0500000US01079,21.9,8.1,5.9,5.9,5.5,7.1,7.1,8.1,8.3,6.0,16.2
0500000US01081,21.8,19.7,7.7,6.7,5.9,6.2,5.8,5.9,4.9,5.1,10.3
0500000US01083,23.4,7.9,6.3,6.9,6.5,7.4,7.5,7.7,6.9,5.6,13.9
0500000US01085,23.2,9.0,6.4,5.7,5.4,4.6,6.9,7.7,7.5,6.3,17.3
0500000US01087,18.0,18.9,5.6,4.6,4.6,5.3,5.6,6.6,6.7,7.3,16.7
0500000US01089,22.5,9.8,7.1,6.7,6.1,6.2,7.1,8.1,7.1,5.6,13.7
0500000US01091,23.1,8.7,5.7,5.1,5.5,6.2,6.3,7.1,7.1,6.7,18.6
0500000US01093,21.1,7.7,5.5,5.1,5.2,7.1,7.0,7.5,6.1,7.6,20.1
0500000US01095,24.7,8.3,6.3,6.0,6.1,6.7,6.4,6.7,6.1,6.2,16.4
0500000US01097,24.0,9.7,7.1,6.5,6.1,6.0,6.2,7.0,6.8,6.2,14.5
0500000US01099,23.4,8.8,5.1,5.2,5.6,6.1,6.6,7.2,8.3,5.9,17.8
0500000US01101,23.2,10.8,7.6,7.1,6.5,6.2,6.2,6.7,6.7,5.7,13.3
0500000US01103,23.2,8.2,6.1,6.2,6.5,6.4,7.0,7.4,7.2,6.1,15.8
0500000US01105,22.5,17.2,1.8,3.4,8.4,5.0,4.6,6.4,6.6,5.4,18.9
0500000US01107,20.9,8.8,6.1,6.2,5.8,5.5,7.2,7.6,7.3,6.6,17.9
0500000US01109,20.0,21.0,7.9,5.5,4.3,5.7,5.0,5.5,5.7,5.1,14.3
0500000US01111,22.2,8.9,4.7,5.2,5.3,7.0,6.2,7.1,7.5,6.5,19.4
0500000US01113,25.1,9.1,8.3,7.7,6.2,6.1,6.3,6.6,6.7,5.1,12.6
0500000US01115,23.0,7.6,6.3,6.5,6.4,7.3,7.3,7.2,6.9,6.1,15.2
0500000US01117,24.4,8.1,6.1,6.8,7.3,7.3,7.2,7.3,6.6,6.0,13.0
0500000US01119,19.9,17.8,6.2,4.6,4.7,4.9,5.1,6.6,7.8,6.2,16.2
0500000US01121,22.2,8.7,6.1,6.0,5.9,7.0,7.0,7.0,7.4,6.4,16.1
0500000US01123,21.5,7.9,5.7,5.5,4.6,6.6,6.5,7.1,7.9,7.0,19.5
0500000US01125,21.0,18.2,8.0,6.6,6.0,5.7,5.4,5.9,5.9,5.5,11.7
0500000US01127,22.2,8.2,5.7,5.7,5.4,6.9,6.6,7.2,7.4,6.6,18.1
0500000US01129,23.5,8.4,5.7,6.0,4.8,6.3,6.0,8.4,6.8,7.4,16.7
0500000US01131,23.4,9.7,6.1,4.8,5.6,6.1,5.9,6.7,7.0,7.1,17.8
0500000US01133,21.0,7.1,5.3,5.7,5.2,6.7,7.0,7.5,6.9,7.7,20.0
0500000US02013,12.3,10.5,7.0,6.6,7.2,10.1,11.8,11.6,8.9,7.3,6.7
0500000US02016,15.7,11.6,9.2,9.3,7.9,8.4,9.0,10.0,6.6,6.6,5.7
0500000US02020,25.0,11.0,9.0,8.0,6.8,6.0,6.4,6.9,6.8,5.1,8.9
0500000US02050,35.9,11.0,8.2,6.5,5.7,5.1,5.7,5.9,5.1,4.3,6.7
0500000US02060,23.4,7.7,5.2,5.8,6.5,7.2,8.0,12.4,9.1,6.7,8.0
0500000US02068,17.9,11.3,8.8,8.8,6.2,7.7,8.1,9.6,5.8,8.6,7.3
0500000US02070,31.8,11.5,7.1,6.7,5.6,4.2,5.5,6.7,7.5,5.2,8.1
0500000US02090,24.5,14.4,9.9,7.9,6.4,5.7,5.7,6.2,6.0,5.5,7.8
0500000US02100,18.3,8.6,5.9,6.1,4.3,7.4,5.7,7.8,11.8,7.5,16.6
0500000US02105,18.6,6.5,4.3,4.0,4.9,5.6,8.6,8.9,10.3,11.7,16.7
0500000US02110,22.3,9.2,7.5,7.1,6.9,6.7,6.6,8.4,8.3,6.6,10.4
0500000US02122,23.0,8.4,6.0,6.3,5.8,5.9,6.3,7.7,8.9,7.6,14.1
0500000US02130,22.6,8.6,6.7,6.6,6.5,5.9,7.0,8.0,7.6,7.9,12.6
0500000US02150,26.9,8.5,9.8,7.9,5.6,7.0,6.4,7.1,6.9,5.5,8.4
0500000US02158,40.2,12.6,9.0,5.8,4.3,4.7,5.5,4.9,4.9,2.9,5.3
0500000US02164,30.9,9.9,6.7,6.8,5.8,3.5,6.7,8.4,8.0,7.1,6.1
0500000US02170,27.4,9.0,6.8,7.0,6.7,6.4,6.6,7.4,7.1,6.0,9.6
0500000US02180,34.5,10.8,8.1,6.5,5.4,5.8,5.3,6.2,5.5,4.6,7.3
0500000US02185,25.5,9.2,8.6,8.6,5.9,6.1,7.8,8.9,9.3,5.3,4.7
0500000US02188,35.2,12.5,8.4,6.8,4.9,5.5,5.0,5.9,5.3,3.7,6.8
0500000US02195,23.5,10.3,4.8,5.1,5.6,8.2,6.7,6.9,8.3,6.9,13.8
0500000US02198,24.3,7.8,6.2,5.8,5.1,6.5,7.2,8.7,9.2,7.8,11.3
0500000US02220,22.5,6.9,8.1,6.9,7.2,6.2,6.3,7.6,8.6,6.4,13.2
0500000US02230,13.2,7.2,5.9,10.9,7.8,7.0,6.9,10.4,15.2,5.9,9.6
0500000US02240,26.9,8.6,7.0,5.3,6.5,6.3,6.9,7.0,8.5,5.5,11.4
0500000US02261,23.9,10.3,7.5,5.1,4.5,7.1,6.8,8.1,8.9,7.3,10.4
0500000US02275,20.6,5.8,5.8,5.0,3.8,4.0,8.3,8.0,11.2,7.9,19.7
0500000US02282,22.3,7.9,6.7,6.3,6.3,7.7,3.6,10.7,8.5,8.4,11.6
0500000US02290,27.9,8.8,6.8,6.2,5.3,4.8,5.6,7.1,8.0,6.0,13.4
0500000US04001,29.3,10.4,6.2,5.6,5.4,5.3,5.9,6.8,6.2,5.6,13.3
0500000US04003,22.3,8.9,6.7,6.4,5.3,5.4,5.7,6.3,6.3,7.1,19.8
0500000US04005,21.8,20.0,7.1,6.2,5.8,5.1,5.3,6.0,6.3,5.5,10.9
0500000US04007,20.4,7.1,4.7,4.5,3.7,5.0,5.5,6.6,8.3,7.8,26.4
0500000US04009,27.8,10.9,7.7,7.2,6.8,5.7,5.8,5.5,5.1,5.2,12.3
0500000US04011,28.3,9.1,7.3,7.5,7.0,5.7,5.8,6.0,6.0,5.7,11.5
0500000US04012,17.3,7.0,3.8,4.0,3.7,3.8,4.7,5.6,6.6,7.4,36.1
0500000US04013,25.0,9.6,7.2,7.0,6.5,6.7,6.5,6.5,5.8,5.3,13.8
0500000US04015,18.7,6.7,5.1,4.7,4.6,4.9,5.7,6.9,7.9,8.0,26.9
0500000US04017,27.9,9.2,6.1,5.7,5.6,5.0,5.6,6.5,6.8,5.9,15.7
0500000US04019,21.9,12.1,6.2,6.2,5.8,5.6,5.7,6.3,6.3,6.3,17.8
0500000US04021,24.2,7.9,6.3,7.0,6.9,6.4,5.6,5.8,5.7,6.0,18.2
0500000US04023,28.5,9.7,5.1,5.1,4.9,6.2,5.9,6.3,5.7,6.8,15.9
0500000US04025,17.4,6.8,4.5,4.5,4.0,4.9,5.2,6.9,8.1,9.5,28.3
0500000US04027,26.2,11.7,7.1,6.2,5.1,5.9,5.5,5.4,5.0,4.7,17.4
0500000US05001,23.1,8.3,5.4,5.9,5.9,6.1,6.0,7.0,7.1,7.5,17.8
0500000US05003,23.5,8.2,5.0,5.7,6.0,6.2,6.7,7.3,7.4,6.0,18.1
0500000US05005,17.7,5.6,4.9,4.5,4.3,5.1,5.5,6.7,7.4,8.2,30.1
0500000US05007,27.1,8.1,6.9,7.7,7.1,6.9,6.6,6.3,5.6,4.8,12.8
0500000US05009,22.2,7.7,5.7,5.5,5.8,6.3,6.2,7.3,6.9,6.7,19.7
0500000US05011,23.5,8.2,5.5,6.0,5.5,5.7,6.6,7.3,6.4,7.1,18.3
0500000US05013,19.6,9.3,5.3,4.8,6.0,5.0,6.7,8.6,8.5,7.5,18.5
0500000US05015,22.1,7.5,4.8,5.4,4.8,5.9,6.2,6.8,8.4,7.1,20.9
0500000US05017,22.9,8.0,5.6,4.3,5.2,6.5,6.4,7.3,8.0,6.7,19.2
0500000US05019,19.5,22.6,5.1,3.9,4.5,6.5,5.2,6.0,5.2,6.0,15.7
0500000US05021,21.1,7.8,5.1,5.3,5.5,6.3,6.8,7.0,7.8,6.4,21.0
0500000US05023,19.7,6.7,4.8,5.1,5.3,5.0,6.0,7.3,7.8,7.0,25.4
0500000US05025,23.0,8.6,4.4,5.1,4.8,7.6,6.3,8.1,6.0,7.5,18.6
0500000US05027,21.4,16.3,5.9,5.5,5.0,5.6,5.5,6.2,5.4,6.5,16.6
0500000US05029,23.1,8.0,5.9,5.9,6.2,5.4,6.2,7.6,7.1,6.4,18.3
0500000US05031,24.8,11.5,8.1,6.9,6.6,6.2,6.0,6.1,5.5,5.4,12.8
0500000US05033,25.1,8.0,6.1,5.9,6.2,6.7,6.7,7.1,6.9,5.9,15.3
0500000US05035,28.1,9.2,6.8,6.3,6.1,6.0,6.4,6.9,5.8,6.1,12.2
0500000US05037,24.6,8.4,4.9,5.6,6.1,6.9,6.2,7.4,7.2,5.7,17.1
0500000US05039,23.4,6.8,5.6,4.7,5.2,6.2,5.7,7.2,6.7,8.2,20.2
0500000US05041,25.7,8.9,5.1,4.9,6.0,5.1,5.9,7.0,6.5,8.0,17.0
0500000US05043,22.4,15.7,5.0,5.6,3.9,6.7,6.0,6.5,7.0,5.2,15.9
0500000US05045,23.7,15.7,7.6,6.8,5.9,6.7,5.9,6.2,5.6,4.6,11.3
0500000US05047,23.8,8.6,5.1,5.7,5.3,6.5,6.1,7.0,6.5,7.1,18.4
0500000US05049,20.2,6.7,4.2,4.7,4.5,5.6,6.4,7.3,7.3,8.2,25.0
0500000US05051,20.8,7.5,5.8,5.6,5.7,5.4,6.2,6.8,7.9,6.5,21.7
0500000US05053,23.4,8.0,6.3,6.0,7.2,5.3,6.8,7.8,7.8,5.2,16.1
0500000US05055,24.5,9.2,6.5,6.2,5.7,7.4,6.7,6.9,6.6,5.3,14.9
0500000US05057,26.4,7.1,6.1,6.0,6.2,6.2,5.4,7.4,5.4,7.2,16.5
0500000US05059,21.3,8.4,6.5,6.7,5.7,6.1,6.8,7.2,7.3,6.6,17.3
0500000US05061,25.9,6.9,5.7,6.6,6.6,5.2,6.3,7.7,6.3,6.4,16.5
0500000US05063,24.0,8.5,5.9,6.3,6.1,6.1,6.5,6.8,7.0,6.1,16.7
0500000US05065,18.6,7.0,4.7,5.0,7.1,3.7,6.6,7.5,8.9,6.2,24.8
0500000US05067,20.3,7.9,7.3,7.1,6.1,6.8,6.7,7.3,7.2,6.5,16.8
0500000US05069,23.2,10.4,6.5,6.2,5.1,6.4,6.1,7.2,7.8,5.9,15.2
0500000US05071,24.3,10.1,6.2,5.5,6.2,6.6,6.3,6.9,6.8,5.4,15.6
0500000US05073,20.5,8.3,5.1,5.1,4.4,6.0,6.2,7.9,7.6,7.4,21.5
0500000US05075,22.2,10.1,5.2,5.4,4.9,6.5,6.4,7.3,6.0,6.8,19.2
0500000US05077,19.7,9.3,7.2,6.9,6.0,7.5,6.7,6.4,7.2,6.3,16.9
0500000US05079,17.9,9.8,9.1,8.1,8.5,6.5,7.2,7.9,5.7,5.8,13.5
0500000US05081,22.7,6.6,5.6,5.6,7.5,5.9,6.2,7.1,6.4,7.3,19.2
0500000US05083,22.4,8.0,4.9,5.0,6.0,6.3,7.0,7.7,7.6,6.2,19.1
0500000US05085,26.5,8.3,6.9,7.3,7.1,6.7,6.6,6.8,6.0,5.2,12.6
0500000US05087,23.5,7.8,5.2,5.6,4.8,6.6,7.3,7.6,7.6,6.4,17.6
0500000US05089,17.7,6.1,4.6,4.4,3.8,5.2,6.0,7.9,7.9,10.0,26.5
0500000US05091,24.2,8.3,6.9,6.9,6.2,6.2,6.7,6.8,6.1,6.7,15.0
0500000US05093,27.0,9.4,6.6,6.2,4.9,6.9,6.3,6.9,6.1,6.2,13.4
0500000US05095,21.2,9.3,4.2,4.0,4.0,6.9,6.2,7.5,7.9,7.8,21.0
0500000US05097,19.7,6.2,3.7,4.4,4.0,6.5,6.7,8.4,7.1,8.6,24.8
0500000US05099,22.7,7.8,4.2,6.7,5.8,4.2,7.1,7.5,9.3,5.2,19.5
0500000US05101,19.9,6.3,4.7,4.8,6.1,4.7,6.0,6.9,7.4,9.6,23.6
0500000US05103,22.8,7.7,5.9,4.9,5.6,5.8,6.1,7.5,8.5,6.8,18.2
0500000US05105,22.0,8.0,5.0,4.9,5.3,6.4,7.0,7.5,8.5,6.9,18.5
0500000US05107,27.0,9.6,5.5,5.3,6.1,4.1,5.7,6.9,7.4,6.3,16.3
0500000US05109,23.1,7.1,6.0,5.1,6.5,6.8,6.4,7.0,6.3,6.9,18.8
0500000US05111,23.8,8.6,6.3,5.4,6.1,6.2,6.4,7.2,6.2,6.5,17.3
0500000US05113,23.4,7.1,5.0,5.1,4.9,5.6,6.5,7.1,6.4,7.4,21.4
0500000US05115,22.8,14.4,6.9,6.1,5.6,5.6,5.9,6.8,5.9,5.7,14.3
0500000US05117,20.7,7.3,4.9,5.1,5.2,5.8,6.9,7.5,8.0,6.5,22.0
0500000US05119,23.8,9.1,7.7,7.4,6.8,6.0,6.1,6.8,6.7,6.2,13.5
0500000US05121,22.6,7.6,5.9,5.5,4.6,6.7,6.4,6.7,6.6,7.2,20.1
0500000US05123,22.8,8.6,7.0,7.7,6.5,7.4,6.1,7.1,8.0,5.0,14.0
0500000US05125,23.8,7.2,6.2,6.8,7.1,6.8,6.4,6.8,6.3,5.8,17.0
0500000US05127,24.2,8.8,5.6,3.9,4.2,7.6,7.0,7.3,7.8,5.2,18.4
0500000US05129,19.9,6.1,6.1,4.7,4.9,5.4,5.8,7.1,7.2,8.7,24.2
0500000US05131,24.5,9.6,6.7,6.3,6.1,6.6,6.4,7.0,6.7,5.9,14.3
0500000US05133,29.0,9.2,6.0,5.6,5.8,8.0,6.4,5.8,5.7,4.9,13.7
0500000US05135,21.1,6.7,4.6,4.5,4.6,5.1,6.0,7.5,7.4,7.0,25.5
0500000US05137,20.1,6.8,4.5,4.3,5.8,4.3,5.6,7.5,8.0,7.8,25.3
0500000US05139,24.0,8.0,5.8,6.6,6.3,5.5,6.2,7.1,7.0,6.8,16.6
0500000US05141,20.1,6.4,4.8,5.1,4.9,5.6,6.3,7.0,7.4,7.6,24.7
0500000US05143,25.1,15.0,7.8,7.5,6.5,6.4,5.5,5.7,5.3,4.5,10.7
0500000US05145,23.6,12.3,6.5,6.2,5.7,5.9,6.3,6.8,6.1,5.3,15.2
0500000US05147,21.8,7.7,5.0,4.2,6.7,5.5,5.6,7.3,7.6,7.7,20.9
0500000US05149,24.9,8.1,5.5,5.4,7.1,5.3,6.8,7.0,7.6,5.4,16.9
0500000US06001,21.4,9.2,7.9,8.1,7.3,7.5,7.0,7.0,6.5,5.5,12.4
0500000US06003,23.1,10.1,5.0,4.0,4.5,6.7,3.5,7.4,8.0,6.9,20.8
0500000US06005,15.5,6.7,4.4,5.1,5.5,5.3,7.2,8.0,8.3,9.4,24.7
0500000US06007,20.3,15.2,6.3,5.9,5.2,5.2,5.4,6.2,6.8,6.4,17.0
0500000US06009,18.0,6.5,4.2,4.2,3.9,5.1,6.5,7.7,9.5,9.3,25.1
0500000US06011,27.8,9.5,6.6,6.4,6.3,5.5,6.1,6.6,6.6,5.6,13.0
0500000US06013,23.5,8.5,6.1,6.4,6.6,6.9,7.3,7.6,6.9,6.0,14.2
0500000US06015,21.2,8.6,6.7,8.1,7.6,4.5,6.9,7.2,7.4,6.6,15.3
0500000US06017,21.0,7.8,4.7,5.0,5.1,6.0,7.0,8.5,9.0,7.9,17.9
0500000US06019,28.9,11.0,7.8,7.0,6.3,5.9,5.8,5.9,5.5,4.7,11.2
0500000US06021,27.1,9.1,6.1,6.0,5.3,6.5,5.8,6.8,6.3,6.4,14.6
0500000US06023,19.5,13.2,6.7,7.0,6.4,5.7,5.3,6.4,7.5,6.9,15.4
0500000US06025,28.7,11.1,7.2,6.8,6.1,6.1,6.0,5.9,5.5,4.7,11.9
0500000US06027,20.6,7.2,5.2,5.9,5.2,5.5,5.3,7.3,7.4,8.8,21.6
0500000US06029,29.5,11.0,7.8,7.2,6.5,6.0,6.0,6.1,5.4,4.7,9.9
0500000US06031,27.5,11.4,8.7,7.9,7.8,6.0,6.4,6.1,5.2,4.0,9.1
0500000US06033,20.3,7.5,5.6,5.3,5.2,4.9,6.1,7.6,8.8,8.3,20.5
0500000US06035,16.5,12.1,10.0,9.5,7.6,6.4,6.9,6.6,6.3,5.9,12.3
0500000US06037,22.8,10.4,8.1,7.5,6.9,7.0,6.9,6.8,6.2,5.2,12.2
0500000US06039,27.8,10.1,7.0,6.9,6.4,6.1,6.0,5.9,5.7,5.3,12.9
0500000US06041,20.5,6.3,4.2,4.9,5.7,7.2,8.0,8.1,7.8,7.8,19.5
0500000US06043,16.5,6.7,4.7,5.2,4.9,4.4,6.1,8.2,8.8,9.6,24.8
0500000US06045,21.8,7.7,5.6,6.1,6.2,5.5,5.7,6.8,7.2,8.5,18.9
0500000US06047,30.1,11.8,7.3,6.8,6.2,6.1,5.8,5.8,5.3,4.3,10.5
0500000US06049,20.1,6.0,4.6,5.9,4.5,5.9,5.9,7.4,6.7,10.0,23.1
0500000US06051,19.8,14.1,3.7,8.2,5.2,6.3,5.7,9.3,8.7,5.9,13.2
0500000US06053,26.5,10.6,7.4,7.4,6.6,6.4,6.1,6.1,5.7,5.2,12.0
0500000US06055,21.9,9.0,6.0,6.2,5.8,6.8,6.8,7.0,7.0,6.4,17.0
0500000US06057,17.8,6.9,4.5,5.2,5.1,5.3,5.8,7.4,8.7,9.8,23.4
0500000US06059,23.0,9.9,7.2,6.8,6.5,7.1,7.3,7.2,6.5,5.3,13.2
0500000US06061,23.0,7.8,5.2,5.8,6.2,6.6,7.0,7.4,7.0,6.2,17.9
0500000US06063,16.6,6.1,4.2,5.4,5.3,4.8,5.4,7.6,9.3,10.5,24.9
0500000US06065,26.4,10.4,6.9,6.6,6.4,6.4,6.5,6.5,5.7,5.0,13.2
0500000US06067,24.4,9.4,7.8,7.4,6.5,6.5,6.5,6.8,6.4,5.5,12.8
0500000US06069,27.1,9.8,6.5,6.6,6.4,6.6,7.0,7.2,6.4,5.4,11.2
0500000US06071,27.4,11.2,7.6,7.0,6.4,6.4,6.4,6.5,5.9,4.9,10.4
0500000US06073,22.4,11.2,8.5,7.6,6.7,6.5,6.4,6.6,6.1,5.3,12.7
0500000US06075,13.5,7.8,11.6,11.0,8.5,7.6,7.0,6.5,6.1,5.9,14.4
0500000US06077,27.9,10.2,6.9,6.7,6.5,6.4,6.4,6.5,5.8,5.0,11.7
0500000US06079,18.2,15.6,5.6,6.0,5.5,5.1,5.7,6.6,7.2,6.9,17.6
0500000US06081,21.5,7.5,6.8,7.4,7.5,7.1,7.3,7.4,6.9,6.0,14.6
0500000US06083,22.5,16.0,6.7,6.5,5.7,5.6,5.7,6.1,5.9,5.2,14.0
0500000US06085,23.1,8.8,7.6,7.8,7.4,7.6,7.2,7.1,6.2,5.0,12.2
0500000US06087,20.1,15.1,6.1,6.1,6.0,5.9,6.3,6.9,7.4,6.6,13.5
0500000US06089,21.7,8.5,6.2,6.0,5.4,5.1,6.0,7.2,7.4,7.3,19.3
0500000US06091,14.5,4.3,2.6,3.9,6.2,4.8,4.9,8.2,16.1,8.4,26.1
0500000US06093,20.2,7.1,4.7,5.5,4.7,4.7,5.5,7.2,8.7,8.8,22.8
0500000US06095,23.0,9.7,7.3,6.9,6.3,6.1,6.7,7.3,6.9,6.4,13.6
0500000US06097,20.6,8.9,6.5,6.5,6.0,6.3,6.5,7.3,7.3,7.3,16.7
0500000US06099,27.4,10.1,7.2,6.8,6.2,6.4,6.3,6.5,5.9,5.0,12.1
0500000US06101,26.4,9.4,7.0,6.5,6.0,6.2,6.0,6.7,6.0,5.4,14.5
0500000US06103,24.1,8.0,6.0,5.6,5.6,5.8,6.1,7.3,6.8,6.9,17.9
0500000US06105,17.3,5.4,3.7,4.7,5.8,5.6,6.3,7.5,9.1,10.5,24.1
0500000US06107,31.6,10.7,7.1,6.9,6.0,6.3,5.8,5.7,5.1,4.5,10.4
0500000US06109,16.7,7.8,5.7,5.9,5.5,4.9,5.6,7.1,8.3,9.1,23.4
0500000US06111,24.2,9.9,6.6,6.4,6.3,6.4,6.9,7.3,6.9,5.6,13.6
0500000US06113,21.7,20.0,7.0,6.5,5.7,5.9,5.7,5.7,5.4,5.0,11.3
0500000US06115,27.9,10.2,8.2,7.2,5.9,6.0,5.7,6.2,6.4,4.9,11.5
0500000US08001,27.8,9.0,7.8,8.2,7.6,7.0,6.5,6.3,5.6,4.7,9.5
0500000US08003,24.5,18.4,6.7,5.6,5.2,4.8,5.0,5.8,5.8,5.5,12.7
0500000US08005,24.5,8.6,7.4,7.6,6.9,7.3,6.7,6.9,6.6,5.7,11.8
0500000US08007,17.7,8.5,3.3,4.9,4.6,5.2,6.2,7.2,9.7,10.5,22.2
0500000US08009,21.5,6.7,4.4,5.0,4.0,5.6,5.2,6.8,7.6,7.7,25.5
0500000US08011,15.9,3.5,10.0,10.4,7.7,8.0,6.9,8.4,7.7,5.5,16.1
0500000US08013,20.2,15.4,6.9,6.3,6.4,6.6,6.7,6.9,6.7,6.0,12.1
0500000US08014,24.4,7.7,7.1,7.1,7.7,7.6,7.5,7.0,6.8,5.2,11.9
0500000US08015,15.7,6.7,6.1,6.0,5.2,6.2,5.9,7.8,9.0,8.5,22.8
0500000US08017,29.6,6.5,5.1,5.4,5.6,5.3,7.9,8.7,7.8,6.6,11.6
0500000US08019,15.8,6.5,4.5,5.1,6.2,6.8,7.7,9.0,11.4,8.6,18.2
0500000US08021,27.3,8.3,5.5,5.1,4.8,4.9,5.6,6.9,7.1,7.2,17.4
0500000US08023,18.9,8.4,4.3,4.8,3.0,4.0,6.1,7.5,8.1,9.6,25.5
0500000US08025,13.2,19.3,6.6,5.4,6.0,6.4,9.5,7.7,6.0,6.5,13.3
0500000US08027,18.4,5.0,2.8,3.5,3.1,3.5,4.8,5.0,10.3,14.8,28.9
0500000US08029,20.9,7.1,4.3,5.0,5.5,4.9,5.5,7.1,7.9,8.4,23.3
0500000US08031,20.7,8.7,11.3,10.7,8.3,7.3,6.0,5.7,5.5,5.0,10.9
0500000US08033,20.2,5.1,3.8,8.1,6.4,4.2,5.8,4.5,8.7,6.1,27.0
0500000US08035,28.3,7.0,4.5,6.1,7.5,8.6,8.5,7.9,6.5,5.2,9.9
0500000US08037,23.0,7.8,8.6,8.6,8.7,7.7,7.7,7.2,7.0,5.4,8.2
0500000US08039,22.7,7.4,3.5,4.2,4.8,6.7,8.5,10.2,10.0,8.5,13.7
0500000US08041,25.1,11.3,7.9,7.2,6.5,6.0,6.2,6.8,6.2,5.3,11.5
0500000US08043,16.2,6.2,6.4,8.9,6.9,6.3,7.0,7.7,7.7,6.7,20.0
0500000US08045,26.0,8.1,6.7,7.2,7.7,6.7,6.7,7.1,6.9,6.1,10.6
0500000US08047,19.7,3.3,3.7,7.0,8.1,9.3,7.3,8.7,10.6,10.7,11.7
0500000US08049,18.2,7.7,6.4,7.0,6.6,5.8,6.6,8.5,7.6,11.0,14.5
0500000US08051,17.9,18.6,6.8,7.9,7.2,5.4,6.0,6.0,7.2,6.2,10.7
0500000US08053,17.4,0.7,4.6,2.5,2.8,3.7,5.1,10.5,11.7,10.6,30.4
0500000US08055,15.7,5.3,4.2,4.8,2.6,4.3,4.8,8.8,8.7,10.7,29.8
0500000US08057,17.5,6.6,4.2,6.5,1.7,5.8,4.4,10.5,12.3,8.0,22.5
0500000US08059,20.9,8.4,6.8,6.8,6.5,6.4,6.9,8.0,7.8,6.8,14.6
0500000US08061,27.7,7.8,4.4,4.4,4.2,7.3,3.8,7.8,6.8,5.9,19.8
0500000US08063,21.9,7.0,5.7,8.1,8.2,5.9,5.5,8.1,6.1,6.3,17.2
0500000US08065,19.8,11.3,8.3,5.0,7.3,8.0,7.5,7.2,6.7,7.4,11.5
0500000US08067,19.5,10.4,7.0,6.8,7.4,5.5,6.2,7.3,7.6,8.0,14.1
0500000US08069,20.4,14.9,7.2,6.7,6.1,5.9,5.7,6.4,6.9,6.0,13.8
0500000US08071,18.3,9.3,6.3,5.0,4.7,5.5,5.7,7.1,7.9,8.4,21.7
0500000US08073,19.8,6.2,7.4,10.1,9.7,6.0,4.7,6.8,7.1,5.0,17.3
0500000US08075,19.7,13.2,6.3,6.5,6.7,5.5,5.6,7.2,6.5,6.5,16.3
0500000US08077,22.4,10.1,6.7,6.5,5.6,5.8,5.6,6.7,7.1,6.6,16.8
0500000US08079,7.9,2.1,2.4,2.1,7.2,3.5,2.5,9.2,10.2,15.1,37.6
0500000US08081,25.8,7.6,6.1,6.9,6.5,6.0,6.1,7.7,7.4,7.3,12.8
0500000US08083,22.4,7.6,5.2,5.3,6.6,4.4,5.7,7.3,8.0,8.5,18.9
0500000US08085,22.4,6.8,4.7,5.6,5.4,5.7,5.9,6.9,7.7,7.5,21.4
0500000US08087,26.7,9.0,6.4,6.1,5.6,5.5,6.4,6.7,5.9,6.1,15.6
0500000US08089,23.7,9.3,5.3,5.4,5.9,5.3,5.5,6.6,7.5,6.3,19.2
0500000US08091,13.6,5.5,3.4,4.3,4.4,5.8,5.0,12.1,7.8,11.5,26.6
0500000US08093,16.7,5.4,3.6,5.1,5.1,6.7,7.5,11.1,12.8,9.7,16.5
0500000US08095,23.6,6.6,6.5,7.8,4.3,5.4,6.0,7.1,7.2,6.1,19.3
0500000US08097,16.2,6.9,9.2,7.9,6.5,6.0,7.2,8.2,8.2,8.1,15.6
0500000US08099,25.7,9.7,5.5,6.1,5.3,6.0,5.3,6.8,7.1,6.5,16.0
0500000US08101,23.4,9.6,6.2,6.3,5.9,5.7,6.0,6.7,6.7,6.7,16.9
0500000US08103,24.4,11.6,6.3,6.3,6.2,5.5,5.8,6.9,7.2,6.1,13.6
0500000US08105,24.0,8.9,5.1,5.7,4.9,6.2,5.2,7.1,8.9,5.7,18.3
0500000US08107,19.1,8.4,7.6,7.4,7.5,7.1,7.1,7.7,8.9,7.3,11.9
0500000US08109,23.0,6.2,4.5,5.1,5.0,4.0,6.0,7.9,9.4,10.6,18.3
0500000US08111,10.1,7.1,10.1,7.1,1.6,3.4,10.9,13.9,8.7,10.0,17.0
0500000US08113,19.2,6.6,7.9,8.2,5.7,10.1,7.9,7.5,8.5,7.8,10.5
0500000US08115,20.1,8.1,3.9,2.2,6.7,4.0,6.3,5.6,8.4,8.9,25.8
0500000US08117,16.7,8.5,10.1,8.8,9.1,6.6,7.3,7.7,7.4,7.4,10.4
0500000US08119,18.6,6.6,3.7,4.1,5.1,5.9,7.4,9.6,11.8,9.4,17.8
0500000US08121,22.1,7.7,5.7,6.0,5.4,5.0,6.3,6.7,7.9,7.0,20.2
0500000US08123,26.9,10.1,7.1,7.1,7.1,6.3,6.3,6.4,6.1,5.4,11.2
0500000US08125,27.1,7.2,6.0,7.3,4.8,5.7,5.3,6.5,6.2,6.1,17.9
0500000US09001,23.6,8.8,5.6,6.0,6.1,6.9,7.7,8.0,7.2,5.8,14.4
0500000US09003,21.7,9.1,6.5,6.5,5.9,6.5,7.1,7.7,7.3,6.1,15.6
0500000US09005,19.5,7.4,4.9,4.9,5.0,6.2,7.9,9.0,8.9,7.7,18.4
0500000US09007,19.2,8.7,5.3,5.4,5.0,6.8,7.8,8.6,8.5,6.9,17.7
0500000US09009,21.1,10.1,6.7,6.4,5.8,6.3,7.1,7.6,7.1,6.3,15.6
0500000US09011,20.3,10.3,6.7,6.1,5.4,6.1,7.1,7.9,7.4,6.6,16.1
0500000US09013,18.6,18.6,5.1,5.0,4.8,6.0,7.0,7.7,7.1,6.3,13.9
0500000US09015,20.7,10.4,6.2,6.0,5.8,6.6,7.3,8.1,7.7,6.5,14.6
0500000US10001,23.6,10.8,6.8,6.3,5.8,5.9,6.4,6.9,6.4,5.6,15.5
0500000US10003,22.2,10.2,7.4,6.7,6.3,6.2,7.0,7.4,7.0,5.8,13.8
0500000US10005,19.6,7.0,5.2,5.2,4.9,5.2,6.0,7.0,7.8,8.0,24.2
0500000US11001,17.4,12.3,11.9,10.8,7.7,6.4,5.8,5.9,5.5,5.0,11.4
0500000US12001,18.0,22.1,8.4,6.8,5.2,5.2,5.0,5.6,5.7,5.6,12.4
0500000US12003,24.5,10.0,6.8,6.2,6.3,6.0,6.4,8.3,6.7,5.7,12.9
0500000US12005,21.6,8.8,7.3,6.7,6.0,6.1,6.6,7.6,7.4,5.8,16.1
0500000US12007,19.9,8.1,7.4,7.3,6.3,6.2,6.3,7.8,7.2,6.0,17.5
0500000US12009,18.8,7.7,5.5,5.2,5.1,5.3,6.5,8.2,8.2,7.1,22.5
0500000US12011,21.6,8.4,6.7,6.7,6.5,7.0,7.4,7.7,6.9,5.8,15.4
0500000US12013,21.2,7.5,6.5,6.8,7.0,5.9,7.2,7.2,7.0,6.0,17.6
0500000US12015,13.1,5.7,3.6,3.4,3.7,4.2,5.3,6.6,8.1,8.7,37.6
0500000US12017,15.0,5.8,3.8,3.7,3.8,4.4,5.5,6.7,8.2,8.0,35.1
0500000US12019,24.3,8.5,6.1,6.0,5.8,7.3,7.3,7.7,6.6,6.3,14.2
0500000US12021,18.2,6.9,4.9,4.9,5.0,5.1,5.9,6.3,6.1,7.0,29.6
0500000US12023,21.9,9.3,6.4,6.2,5.5,6.0,6.5,7.2,7.0,6.8,17.2
0500000US12027,20.7,9.6,7.1,6.6,5.7,6.3,5.6,6.8,5.5,6.6,19.4
0500000US12029,18.7,6.6,6.0,5.9,6.1,5.3,6.4,7.8,7.4,8.1,21.7
0500000US12031,22.9,9.7,8.4,7.5,6.5,6.3,6.5,7.1,6.5,5.9,12.7
0500000US12033,21.0,12.8,7.6,6.3,5.3,5.5,5.9,6.9,7.0,6.0,15.8
0500000US12035,18.2,6.6,4.2,4.5,4.6,5.8,5.8,6.6,7.6,7.7,28.3
0500000US12037,16.5,7.0,7.9,7.6,6.3,6.0,6.5,7.2,9.2,5.8,19.9
0500000US12039,22.3,8.8,5.8,6.4,6.4,6.1,6.8,7.6,6.6,7.9,15.3
0500000US12041,20.7,12.4,5.2,4.8,4.8,5.4,6.2,7.1,7.4,6.5,19.6
0500000US12043,16.7,9.1,6.3,4.8,6.5,6.5,4.7,6.4,6.4,6.7,25.9
0500000US12045,15.9,7.7,8.0,6.3,5.3,7.9,7.8,7.4,9.7,6.2,17.9
0500000US12047,18.9,12.6,7.4,5.2,4.7,7.8,6.7,7.5,6.9,6.9,15.4
0500000US12049,27.0,10.2,7.0,6.3,6.2,6.3,6.0,6.2,5.2,5.3,14.5
0500000US12051,27.7,10.0,7.1,6.8,6.1,6.4,6.2,6.5,5.9,4.6,12.8
0500000US12053,18.8,6.9,4.8,4.6,4.8,5.4,6.0,6.9,7.3,7.0,27.4
0500000US12055,17.7,6.5,4.6,4.3,4.6,4.3,5.0,5.8,6.7,6.6,33.9
0500000US12057,23.2,9.6,7.7,7.2,6.6,7.0,6.9,7.0,6.3,5.4,13.1
0500000US12059,20.1,8.8,6.3,6.0,5.7,6.5,6.5,7.4,8.1,5.8,18.9
0500000US12061,17.5,6.8,4.6,4.3,4.2,5.2,5.7,6.8,6.9,7.9,30.2
0500000US12063,18.7,8.5,6.7,6.8,7.8,6.4,6.8,7.1,6.8,6.7,17.7
0500000US12065,17.0,6.3,6.4,5.3,6.9,7.3,6.6,7.8,7.4,8.9,20.1
0500000US12067,20.8,9.2,7.0,9.4,6.4,9.1,7.0,5.4,6.2,5.7,13.8
0500000US12069,19.9,7.0,5.0,5.1,5.3,5.7,6.2,6.7,6.5,6.7,25.9
0500000US12071,18.6,7.2,5.4,5.3,5.1,5.5,5.9,6.5,6.6,7.4,26.3
0500000US12073,18.8,22.9,7.8,6.5,5.3,5.3,5.2,5.7,5.7,5.3,11.3
0500000US12075,20.2,7.5,4.8,5.1,4.7,5.8,6.1,7.6,8.0,7.6,22.6
0500000US12077,19.1,12.9,7.3,7.4,7.7,6.8,7.7,7.4,6.1,5.7,11.9
0500000US12079,20.0,8.8,7.3,5.8,6.2,5.9,6.7,7.1,7.6,6.5,18.1
0500000US12081,19.5,7.0,5.2,5.1,5.0,5.6,6.1,6.8,7.1,7.1,25.5
0500000US12083,18.8,7.1,5.3,5.0,4.8,5.1,5.9,6.5,6.9,6.8,27.8
0500000US12085,16.9,6.4,4.5,4.5,4.9,4.6,6.4,7.3,7.8,7.3,29.4
0500000US12086,20.6,9.2,7.3,6.9,6.9,7.3,7.5,7.4,6.2,5.5,15.2
0500000US12087,15.0,7.4,6.2,5.5,6.0,7.0,7.2,8.4,8.6,8.3,20.4
0500000US12089,20.5,7.3,5.4,5.1,5.8,6.5,6.8,7.5,8.3,7.1,19.9
0500000US12091,22.2,9.8,8.4,7.2,6.2,5.2,6.1,7.2,6.5,5.9,15.1
0500000US12093,22.8,8.8,6.5,6.0,5.6,7.0,6.1,7.2,6.2,6.1,17.8
0500000US12095,22.8,11.5,8.7,7.7,7.0,7.0,6.9,6.8,6.0,4.8,10.7
0500000US12097,25.1,9.7,7.0,7.0,6.6,7.6,6.9,6.6,5.8,5.0,12.6
0500000US12099,19.6,7.9,5.9,5.7,5.7,6.0,6.6,7.1,6.6,6.0,22.7
0500000US12101,20.5,7.2,5.1,5.5,5.7,6.5,6.8,7.1,6.7,6.4,22.4
0500000US12103,17.0,7.2,5.8,5.7,5.3,5.8,6.8,8.0,8.0,7.4,23.0
0500000US12105,22.7,8.7,6.2,6.1,5.8,6.1,6.2,6.4,6.1,6.3,19.5
0500000US12107,21.8,7.7,5.5,5.1,4.8,5.6,5.8,7.4,8.1,7.1,21.1
0500000US12109,22.1,7.6,4.9,5.3,5.9,6.8,7.3,7.7,7.5,6.8,18.1
0500000US12111,20.8,7.7,5.5,5.4,5.5,5.9,6.3,7.0,6.9,6.5,22.6
0500000US12113,22.6,8.6,6.7,6.5,6.3,6.9,7.0,8.0,7.4,5.6,14.4
0500000US12115,14.9,6.0,4.1,4.1,4.4,4.6,5.7,6.8,7.2,8.1,34.0
0500000US12117,21.6,9.1,7.2,6.8,6.6,6.8,7.3,7.6,6.7,6.1,14.3
0500000US12119,7.5,3.4,2.7,3.1,3.1,3.5,3.2,4.1,6.1,10.2,53.1
0500000US12121,21.4,8.0,6.0,6.3,5.2,6.0,6.0,7.0,7.2,6.8,20.1
0500000US12123,19.3,8.5,8.0,7.0,5.3,6.9,6.5,6.6,6.3,8.0,17.8
0500000US12125,19.1,8.1,8.6,7.7,7.0,7.3,6.3,8.5,8.4,6.3,12.8
0500000US12127,18.0,8.6,5.8,5.2,4.8,5.7,6.2,7.4,7.5,7.4,23.2
0500000US12129,21.0,7.7,6.7,7.1,7.0,7.8,7.7,8.5,7.7,6.0,12.9
0500000US12131,20.5,6.8,5.9,6.2,6.4,6.2,6.7,7.7,7.7,7.1,18.8
0500000US12133,20.0,8.5,6.5,5.9,6.1,7.8,7.0,7.8,7.3,5.5,17.5
0500000US13001,25.3,7.7,5.9,7.3,5.2,6.3,6.2,7.4,6.6,6.4,15.5
0500000US13003,28.6,8.4,6.3,6.3,5.7,7.9,6.4,7.1,6.8,5.0,11.5
0500000US13005,25.8,9.2,6.0,6.2,7.1,5.9,5.7,7.2,6.4,6.2,14.3
0500000US13007,17.5,9.0,6.8,4.4,4.0,7.5,7.2,9.8,6.1,8.3,19.5
0500000US13009,19.4,19.8,5.8,5.6,5.2,5.2,6.1,6.7,6.7,5.8,13.8
0500000US13011,23.6,8.1,5.1,6.0,5.8,7.4,7.3,7.1,6.4,6.8,16.2
0500000US13013,27.1,8.0,7.2,7.7,7.5,6.9,6.8,6.7,5.8,5.1,11.2
0500000US13015,25.3,8.7,6.5,6.4,7.0,6.8,7.5,7.0,7.2,5.0,12.8
0500000US13017,26.0,8.5,5.8,5.3,5.9,7.3,5.7,6.7,6.2,7.3,15.3
0500000US13019,24.4,8.2,6.2,5.6,6.7,6.4,7.0,6.9,7.5,5.2,16.1
0500000US13021,25.1,10.4,7.1,6.3,5.6,6.2,6.0,6.7,6.6,6.1,13.9
0500000US13023,22.3,15.9,4.1,4.8,6.2,5.3,5.8,7.4,5.7,5.5,16.9
0500000US13025,25.5,8.4,5.9,5.3,5.1,7.5,7.0,7.3,8.4,5.3,14.4
0500000US13027,21.9,9.1,4.7,5.2,5.1,6.7,6.9,7.8,7.1,7.2,18.3
0500000US13029,29.1,7.8,6.3,6.9,7.7,7.9,7.0,6.5,6.5,4.1,10.0
0500000US13031,19.8,25.9,7.5,5.9,4.7,5.7,5.2,5.5,5.2,4.4,10.2
0500000US13033,26.4,9.2,6.2,6.0,5.7,5.4,6.1,7.3,7.6,6.1,14.0
0500000US13035,21.4,9.2,7.2,6.7,7.1,7.0,6.9,7.3,6.5,6.2,14.5
0500000US13037,18.9,7.4,9.0,10.0,7.1,6.9,7.5,7.5,6.3,6.9,12.5
0500000US13039,25.1,13.6,8.7,6.6,5.6,5.6,6.2,6.7,6.4,4.4,11.2
0500000US13043,25.2,8.8,5.9,6.1,6.6,6.5,5.2,6.3,7.4,5.6,16.5
0500000US13045,24.4,13.3,6.8,6.5,5.5,7.1,6.5,6.5,6.2,4.8,12.4
0500000US13047,23.7,8.3,5.9,6.0,7.4,6.3,7.0,7.1,6.6,5.9,15.8
0500000US13049,19.4,10.2,6.0,5.8,6.1,10.8,6.4,10.8,6.3,5.3,12.8
0500000US13051,22.1,12.0,9.0,7.6,6.2,5.9,5.8,6.2,6.2,5.5,13.6
0500000US13053,23.1,34.1,13.8,7.4,4.4,4.3,3.8,2.0,1.8,1.4,3.9
0500000US13055,22.2,8.9,6.5,6.0,6.0,7.0,6.9,6.9,7.4,6.1,16.2
0500000US13057,26.1,8.0,5.6,6.2,7.4,7.7,7.8,7.5,6.4,5.4,11.9
0500000US13059,17.4,28.3,9.3,7.2,5.8,5.1,4.3,4.4,4.6,4.1,9.6
0500000US13061,24.6,7.5,5.0,5.2,4.9,4.1,6.2,3.5,7.1,8.1,23.9
0500000US13063,28.3,10.5,7.7,7.2,6.7,7.4,6.9,6.6,5.6,5.0,8.2
0500000US13065,27.2,7.9,8.3,4.8,5.0,5.9,6.9,6.5,6.1,6.3,15.1
0500000US13067,24.7,9.2,7.1,7.2,7.4,7.4,7.5,7.3,6.3,5.3,10.6
0500000US13069,24.9,11.0,6.7,6.7,6.7,6.6,6.6,6.9,6.2,5.0,12.6
0500000US13071,26.9,9.3,6.2,6.5,6.4,6.6,6.5,6.3,6.3,5.2,13.9
0500000US13073,26.1,8.5,6.5,6.9,6.8,7.1,6.9,7.2,6.1,6.1,11.7
0500000US13075,26.7,8.3,6.3,6.0,7.3,5.4,7.4,6.0,6.5,5.3,14.7
0500000US13077,25.9,8.2,5.8,6.4,6.4,7.9,7.7,7.4,6.3,5.5,12.5
0500000US13079,21.6,6.8,7.0,4.8,4.4,7.6,7.7,8.7,9.2,5.7,16.6
0500000US13081,24.7,9.4,5.7,5.8,5.6,6.6,6.0,6.8,7.6,6.4,15.5
0500000US13083,19.3,12.4,5.3,5.6,6.9,6.0,6.2,7.1,6.7,7.5,16.9
0500000US13085,21.4,7.7,5.9,5.4,5.5,7.1,7.0,7.6,6.8,7.4,18.2
0500000US13087,24.9,9.1,6.1,6.5,5.5,6.4,6.3,7.0,6.5,6.1,15.5
0500000US13089,23.8,9.1,8.4,8.3,7.7,7.2,6.9,6.8,6.2,5.3,10.3
0500000US13091,21.0,9.9,6.5,6.0,5.9,8.3,7.0,7.4,6.8,6.2,15.0
0500000US13093,19.6,9.7,4.8,5.9,6.7,8.0,6.3,8.4,7.5,7.4,15.6
0500000US13095,25.0,12.0,7.0,6.5,5.7,5.9,5.8,6.3,5.7,6.6,13.5
0500000US13097,26.9,9.1,5.9,6.5,6.9,7.9,7.9,7.3,6.3,4.9,10.3
0500000US13099,25.0,8.3,5.7,4.9,6.0,5.5,6.6,6.8,5.4,7.5,18.3
0500000US13101,27.7,8.8,5.9,5.5,9.0,7.4,5.3,7.3,6.1,5.8,11.1
0500000US13103,27.1,8.6,6.1,6.9,7.1,7.4,7.4,7.2,6.6,5.0,10.6
0500000US13105,22.1,8.4,5.6,5.5,5.2,6.6,6.4,7.3,6.7,7.2,18.9
0500000US13107,25.0,9.7,6.5,6.4,5.7,5.8,6.1,6.6,6.3,6.2,15.6
0500000US13109,26.2,7.3,5.6,8.9,5.7,5.3,6.7,7.0,6.6,4.9,15.7
0500000US13111,17.8,6.4,4.5,4.3,5.3,5.1,6.0,7.5,8.4,9.2,25.5
0500000US13113,24.0,8.8,4.0,4.2,4.8,6.6,8.2,8.5,8.7,6.2,16.0
0500000US13115,23.7,10.3,6.4,6.0,5.5,7.0,6.5,6.7,6.8,5.7,15.5
0500000US13117,28.9,6.8,4.0,5.8,7.4,9.2,8.9,7.6,5.6,4.6,11.1
0500000US13119,22.1,9.6,5.9,5.7,6.1,5.3,6.9,6.6,6.4,6.3,19.2
0500000US13121,22.9,10.5,8.4,8.1,7.5,7.3,7.1,6.8,5.9,4.9,10.4
0500000US13123,20.7,7.5,4.6,4.7,4.5,6.5,7.1,7.2,7.2,8.3,21.6
0500000US13125,24.7,7.6,4.6,3.9,8.5,6.0,7.0,8.1,6.4,6.3,16.9
0500000US13127,23.1,8.2,6.1,6.0,5.6,6.1,6.6,7.0,6.8,6.9,17.5
0500000US13129,25.4,8.3,6.6,6.3,7.3,6.5,7.0,7.2,6.1,5.8,13.4
0500000US13131,25.2,8.1,6.3,6.3,4.2,7.3,6.5,6.9,6.7,6.2,16.3
0500000US13133,19.4,6.5,4.3,5.7,6.0,4.8,5.2,6.1,6.5,9.6,26.0
0500000US13135,27.9,9.0,6.4,7.0,7.4,7.9,7.8,7.3,5.8,4.8,8.6
0500000US13137,23.0,9.9,5.6,5.7,6.4,6.4,6.6,6.7,6.0,6.1,17.7
0500000US13139,26.6,9.2,6.5,6.4,6.7,6.6,6.9,6.6,5.8,5.1,13.6
0500000US13141,15.1,10.2,7.9,6.9,4.7,5.8,7.5,6.6,7.2,8.6,19.4
0500000US13143,24.5,8.2,6.3,5.7,4.4,8.4,7.3,7.1,6.2,6.1,15.8
0500000US13145,22.4,8.1,4.7,4.7,6.5,6.5,7.7,8.1,8.9,6.2,16.1
0500000US13147,21.3,8.4,5.4,5.8,5.2,6.3,5.9,7.2,7.3,6.8,20.4
0500000US13149,23.6,8.6,5.4,4.9,5.9,6.4,7.9,7.8,6.8,7.3,15.3
0500000US13151,27.1,9.4,5.6,5.9,6.8,8.2,8.1,7.6,6.1,5.0,10.3
0500000US13153,25.9,9.5,7.4,7.3,6.5,6.5,6.7,7.3,6.2,5.0,11.8
0500000US13155,22.5,9.3,5.8,6.3,7.4,6.8,6.0,6.4,6.6,5.3,17.7
0500000US13157,25.7,7.8,5.9,6.3,6.3,8.3,7.3,7.0,6.3,5.6,13.4
0500000US13159,24.3,7.8,5.2,5.7,5.5,7.3,7.5,7.2,7.1,7.2,15.3
0500000US13161,27.5,8.8,6.3,6.2,6.6,5.9,6.2,6.9,5.5,6.2,13.9
0500000US13163,25.0,8.7,5.9,5.8,5.7,5.4,6.4,6.8,6.3,7.1,16.9
0500000US13165,23.1,8.9,4.9,3.4,7.7,4.5,5.3,8.9,7.8,7.7,17.7
0500000US13167,20.9,12.6,5.1,5.3,6.4,7.3,7.0,6.4,7.2,6.3,15.5
0500000US13169,24.2,8.0,5.3,5.9,6.3,6.8,7.0,7.5,7.4,5.8,15.8
0500000US13171,21.0,15.1,5.1,5.0,6.1,5.9,6.3,6.6,7.4,5.6,16.0
0500000US13173,25.9,7.9,9.7,7.8,6.7,6.5,6.3,6.0,5.0,6.0,12.4
0500000US13175,24.8,8.7,5.9,6.0,6.8,5.5,6.5,6.7,6.6,6.2,16.3
0500000US13177,26.9,8.0,6.0,6.2,8.2,7.7,7.1,6.9,6.0,6.3,10.6
0500000US13179,28.6,15.3,11.1,7.9,5.1,5.5,5.1,5.2,4.8,3.9,7.5
0500000US13181,19.5,7.5,5.7,4.0,4.6,6.5,6.4,8.2,8.4,8.6,20.5
0500000US13183,29.0,11.3,7.7,7.2,9.5,4.9,6.1,6.6,4.1,5.0,8.6
0500000US13185,23.9,18.2,8.0,6.7,5.5,5.8,5.5,5.8,5.2,4.7,10.8
0500000US13187,19.3,18.7,5.5,4.8,4.8,5.9,5.7,6.7,6.1,6.7,15.7
0500000US13189,25.8,8.3,6.0,5.7,6.5,5.5,6.1,7.2,7.5,5.7,15.8
0500000US13191,18.5,7.7,4.6,4.6,4.4,7.2,6.0,7.9,11.3,7.6,20.1
0500000US13193,20.2,10.6,6.8,5.9,6.2,7.4,6.5,7.1,8.5,6.5,14.4
0500000US13195,23.1,8.4,5.4,6.3,6.0,6.6,7.1,7.8,5.8,7.6,15.9
0500000US13197,22.2,7.9,5.9,4.8,7.3,5.1,6.0,8.3,7.1,7.8,17.4
0500000US13199,22.3,8.3,5.7,5.7,5.1,5.8,6.5,8.0,8.4,5.9,18.4
0500000US13201,23.1,7.9,5.6,6.5,6.5,5.1,5.7,6.5,8.1,5.2,19.9
0500000US13205,23.9,8.8,6.8,6.6,6.4,6.5,6.6,7.2,6.4,6.0,14.8
0500000US13207,21.1,8.7,5.3,6.3,5.2,6.5,7.2,7.8,7.5,7.8,16.7
0500000US13209,21.8,11.6,6.2,5.7,6.4,6.8,6.5,6.4,7.3,5.8,15.5
0500000US13211,23.1,8.5,4.2,4.6,5.2,6.0,8.6,7.7,7.3,7.0,18.0
0500000US13213,25.5,8.9,6.2,6.2,6.2,7.5,7.4,7.2,6.4,5.6,13.0
0500000US13215,24.6,11.3,8.6,7.6,6.4,6.1,5.8,6.3,6.2,5.0,12.0
0500000US13217,27.2,9.5,5.9,6.1,7.1,7.0,7.4,6.9,6.0,5.0,11.8
0500000US13219,27.0,7.7,4.1,5.1,6.4,7.7,7.8,7.4,6.9,6.5,13.5
0500000US13221,22.2,6.9,6.1,6.0,6.5,6.7,7.0,7.7,7.4,6.2,17.3
0500000US13223,28.0,8.7,5.9,6.7,7.7,8.3,8.0,7.1,5.8,4.4,9.4
0500000US13225,22.1,15.8,6.0,6.2,5.9,4.9,6.2,7.0,8.8,4.2,13.1
0500000US13227,20.8,6.8,5.2,5.5,5.1,7.0,6.8,7.4,7.5,7.6,20.3
0500000US13229,25.4,7.2,5.7,6.6,7.3,6.0,6.3,7.2,7.0,5.8,15.5
0500000US13231,25.0,8.0,5.4,5.5,6.8,6.9,8.2,7.2,7.4,5.3,14.5
0500000US13233,26.2,8.3,6.8,5.7,5.4,7.0,7.2,6.2,6.5,5.8,14.9
0500000US13235,18.4,8.5,7.3,8.5,6.0,5.9,7.9,6.7,6.6,5.9,18.2
0500000US13237,19.6,7.9,6.1,5.5,5.2,5.3,5.7,7.5,8.7,7.2,21.3
0500000US13239,19.3,5.4,4.8,6.9,4.3,5.3,7.4,5.9,6.7,8.5,25.5
0500000US13241,17.8,7.5,4.9,5.1,4.9,6.4,5.5,7.1,7.6,7.6,25.5
0500000US13243,24.8,8.7,5.6,4.3,5.7,4.1,5.4,8.2,6.5,8.2,18.3
0500000US13245,23.7,11.9,8.8,7.2,5.9,5.5,5.6,6.5,6.4,5.9,12.6
0500000US13247,25.8,9.3,5.7,5.6,6.3,6.6,7.5,7.4,6.9,6.2,12.6
0500000US13249,26.9,8.0,4.4,7.3,5.0,6.9,8.2,6.6,5.8,5.6,15.3
0500000US13251,22.7,9.2,6.1,4.9,6.3,5.3,6.4,7.2,7.2,7.8,16.7
0500000US13253,22.0,8.2,3.3,6.4,4.0,5.7,7.2,7.5,6.9,7.5,21.3
0500000US13255,24.4,8.7,6.4,6.4,5.8,6.4,6.2,6.9,6.0,6.4,16.2
0500000US13257,22.4,10.8,5.3,5.2,5.0,6.0,6.8,6.6,7.8,5.9,18.3
0500000US13259,14.5,12.9,9.8,9.0,7.8,6.4,5.0,7.5,6.5,5.3,15.2
0500000US13261,24.2,13.6,6.3,5.9,5.5,5.2,6.0,6.5,6.5,5.5,14.9
0500000US13263,18.5,8.3,4.3,2.9,3.8,8.0,6.7,9.4,10.3,8.4,19.6
0500000US13265,15.4,9.1,7.1,7.1,4.5,8.1,6.3,6.0,7.7,6.5,22.3
0500000US13267,21.2,9.2,8.1,8.7,7.5,7.4,7.5,6.8,5.4,6.2,12.2
0500000US13269,21.4,10.1,4.9,5.1,5.7,6.3,6.2,7.7,7.6,7.0,18.0
0500000US13271,18.0,7.1,8.9,8.9,7.9,7.2,6.8,6.9,6.5,6.6,15.2
0500000US13273,24.6,8.3,6.5,4.9,4.7,6.0,6.1,7.1,7.8,6.3,17.6
0500000US13275,24.2,8.0,6.1,6.0,6.0,5.9,6.4,7.3,6.8,6.7,16.5
0500000US13277,24.9,12.1,6.8,6.0,5.5,7.0,6.0,6.4,6.3,5.3,13.7
0500000US13279,27.4,8.5,6.2,7.2,5.8,5.5,5.8,6.5,6.1,6.1,15.0
0500000US13281,13.3,13.0,3.9,3.2,4.1,3.9,5.1,6.3,6.9,7.2,33.1
0500000US13283,21.9,9.5,6.5,5.4,6.0,7.0,6.1,6.7,7.9,5.6,17.3
0500000US13285,25.4,10.4,6.4,6.3,5.8,6.3,6.5,7.0,7.0,5.4,13.6
0500000US13287,24.5,8.1,7.1,4.8,6.3,6.0,6.4,6.0,6.0,6.5,18.4
0500000US13289,19.4,10.3,3.2,5.0,4.1,6.5,6.3,8.7,9.0,8.0,19.5
0500000US13291,16.6,5.8,3.6,4.8,3.6,5.4,6.2,6.7,7.4,8.9,31.2
0500000US13293,23.4,8.7,5.4,4.8,6.3,6.2,6.6,7.5,8.3,5.3,17.6
0500000US13295,22.7,7.9,5.9,5.9,6.9,5.9,7.1,7.5,7.8,6.0,16.6
0500000US13297,25.7,8.5,5.7,5.8,5.7,7.6,7.4,7.5,6.6,5.3,14.2
0500000US13299,23.7,9.6,6.1,6.6,5.9,6.4,6.5,6.6,6.9,5.9,15.9
0500000US13301,21.5,7.7,5.6,4.7,5.6,4.9,6.1,7.7,7.6,8.1,20.5
0500000US13303,22.7,8.9,6.3,6.3,5.4,6.5,6.6,7.9,7.9,5.6,15.9
0500000US13305,24.8,8.2,6.6,6.9,6.2,7.0,6.8,6.9,5.7,6.5,14.5
0500000US13307,23.7,8.8,4.5,6.1,7.5,2.1,5.8,8.5,8.0,7.5,17.5
0500000US13309,16.9,11.3,8.0,8.5,7.1,8.6,8.2,7.0,5.0,6.4,13.0
0500000US13311,21.3,8.6,5.2,4.8,4.9,5.9,7.0,7.7,8.4,6.2,20.0
0500000US13313,27.1,9.6,6.7,6.5,6.0,7.1,6.9,6.6,6.0,4.7,12.7
0500000US13315,18.7,9.7,7.1,6.7,8.7,6.1,7.6,6.3,7.7,5.2,16.1
0500000US13317,21.8,8.9,4.1,5.3,4.7,5.6,6.4,7.4,8.3,6.2,21.4
0500000US13319,23.2,7.8,5.3,5.1,5.0,6.7,6.6,7.9,7.9,6.8,17.8
0500000US13321,23.1,8.8,6.0,5.7,5.0,6.5,6.6,7.5,6.7,7.2,16.9
0500000US15001,22.1,8.0,5.9,6.2,5.6,5.8,5.9,6.8,7.9,8.3,17.6
0500000US15003,21.6,10.1,7.9,7.3,6.3,6.3,6.2,6.4,6.3,5.7,15.9
0500000US15005,1.1,6.6,2.2,14.3,6.6,1.1,6.6,8.8,17.6,12.1,23.1
0500000US15007,22.3,7.3,5.8,6.4,5.7,6.4,6.5,7.1,7.6,7.5,17.4
0500000US15009,22.5,7.4,6.1,6.9,6.5,6.6,6.8,7.5,7.5,7.0,15.3
0500000US16001,25.1,8.8,7.2,7.3,7.1,6.9,6.6,6.6,6.2,5.6,12.6
0500000US16003,18.3,5.5,3.2,4.2,4.6,4.6,5.5,7.5,9.4,12.5,24.7
0500000US16005,26.8,10.8,8.1,7.2,6.1,5.8,5.1,5.6,6.2,5.5,12.6
0500000US16007,26.9,6.9,5.6,5.4,5.8,5.0,5.1,6.1,6.8,6.4,20.0
0500000US16009,22.4,7.3,4.3,4.1,4.8,5.6,6.1,7.4,9.5,7.2,21.2
0500000US16011,31.7,8.5,5.9,6.3,6.0,5.5,5.5,6.2,5.8,5.6,13.0
0500000US16013,23.3,6.5,4.9,5.7,6.1,6.9,7.2,7.7,8.6,7.1,16.0
0500000US16015,18.5,5.4,2.8,3.6,5.5,4.2,6.0,9.7,10.6,11.7,22.1
0500000US16017,20.4,6.1,4.2,5.1,5.3,5.7,5.9,7.6,8.7,9.6,21.4
0500000US16019,31.3,8.3,6.7,7.6,6.8,5.2,5.4,5.9,5.0,5.9,12.1
0500000US16021,24.1,6.6,4.0,5.4,6.8,4.2,5.4,7.0,8.3,8.2,20.0
0500000US16023,21.1,8.4,3.9,4.2,6.6,5.7,5.3,6.4,6.8,11.2,20.3
0500000US16025,26.0,7.5,4.2,5.5,6.4,3.6,5.1,9.5,8.7,6.3,17.1
0500000US16027,30.0,9.5,6.5,6.6,6.5,6.4,5.9,5.7,5.4,5.0,12.5
0500000US16029,28.8,6.4,5.2,6.8,6.8,4.4,5.7,5.9,6.5,6.8,16.8
0500000US16031,32.6,8.9,5.7,6.2,6.2,5.3,5.2,5.6,6.0,5.1,13.3
0500000US16033,32.7,10.5,5.8,10.4,3.0,4.8,4.0,7.9,4.3,5.1,11.5
0500000US16035,15.2,6.0,5.6,4.7,5.3,6.2,6.5,7.9,7.5,10.2,24.8
0500000US16037,18.7,3.9,3.5,4.5,7.1,4.4,5.4,8.3,7.3,12.2,24.7
0500000US16039,26.4,13.1,8.8,7.3,5.9,5.0,4.9,6.5,5.4,4.9,11.8
0500000US16041,34.1,7.9,4.8,5.9,6.7,6.1,5.2,5.5,5.2,5.3,13.6
0500000US16043,28.1,8.5,5.2,5.6,6.8,5.5,5.8,6.3,5.7,6.3,16.2
0500000US16045,23.2,6.4,4.8,5.4,4.3,5.5,6.6,7.2,6.9,8.4,21.4
0500000US16047,28.4,8.6,5.4,6.0,6.2,5.3,6.0,6.1,6.6,4.9,16.5
0500000US16049,20.2,6.6,4.4,4.6,4.7,4.7,5.3,7.5,8.4,9.3,24.1
0500000US16051,34.9,8.1,5.8,7.0,6.3,5.7,5.1,5.9,6.0,4.7,10.5
0500000US16053,31.0,9.0,6.6,6.8,5.8,5.5,5.5,6.1,5.2,6.0,12.5
0500000US16055,23.6,8.3,6.1,6.2,6.1,6.0,6.2,6.7,6.8,7.0,16.9
0500000US16057,18.6,26.2,7.5,5.9,5.5,4.2,4.6,5.2,5.5,5.1,11.7
0500000US16059,17.7,5.2,4.4,4.7,3.3,5.5,5.5,7.2,9.9,9.6,27.0
0500000US16061,22.4,6.8,4.0,4.8,5.3,3.8,5.1,7.3,8.5,7.9,24.1
0500000US16063,31.4,8.1,5.4,6.8,6.1,7.1,5.2,5.7,6.1,5.6,12.6
0500000US16065,27.2,31.3,10.8,5.0,3.4,3.7,3.1,3.4,3.4,2.5,6.2
0500000US16067,28.6,9.1,5.8,5.7,6.6,4.8,5.4,6.3,6.9,5.6,15.3
0500000US16069,21.3,9.4,6.7,6.1,5.6,5.3,6.0,6.8,7.4,6.4,19.0
0500000US16071,27.8,9.7,1.9,5.4,6.4,4.9,4.1,6.3,7.2,7.1,19.3
0500000US16073,26.8,8.4,5.4,5.5,7.0,5.0,5.7,7.0,6.4,6.5,16.5
0500000US16075,26.9,8.1,5.4,5.9,4.4,6.7,6.9,6.5,5.3,7.0,17.0
0500000US16077,31.2,9.3,5.7,4.2,5.4,5.6,5.6,6.8,6.3,5.4,14.5
0500000US16079,19.8,7.2,5.0,4.5,4.7,6.1,6.4,7.6,9.4,7.8,21.5
0500000US16081,28.1,6.8,5.2,8.2,9.7,8.6,7.7,6.3,6.0,5.3,8.1
0500000US16083,27.6,8.9,6.9,7.0,5.7,5.9,5.5,6.2,5.9,5.5,14.8
0500000US16085,18.3,6.5,3.3,2.7,5.3,9.4,5.8,7.3,9.5,10.6,21.4
0500000US16087,23.8,6.7,4.6,4.7,4.2,6.4,5.2,6.9,7.1,7.4,23.1
0500000US17001,22.7,8.4,6.1,5.9,5.7,5.7,6.3,7.1,7.6,5.9,18.6
0500000US17003,23.9,7.9,5.3,6.6,4.9,5.1,5.5,7.1,7.6,7.3,18.8
0500000US17005,19.9,10.4,5.9,5.6,7.0,5.7,6.8,7.6,7.2,7.2,16.8
0500000US17007,26.5,9.0,5.0,5.6,6.4,6.9,7.8,6.9,7.0,5.3,13.6
0500000US17009,15.3,11.9,9.6,9.1,8.8,7.0,7.0,7.3,6.4,4.5,13.1
0500000US17011,22.0,7.6,4.8,5.8,5.6,5.9,6.4,7.4,7.4,7.2,20.0
0500000US17013,21.0,7.0,4.5,4.6,5.3,5.6,7.0,7.6,8.1,6.5,22.7
0500000US17015,19.5,7.3,4.5,5.6,4.3,6.0,5.7,7.5,8.1,8.4,23.0
0500000US17017,24.5,7.9,5.9,6.3,5.4,7.3,6.6,6.9,7.0,6.1,16.3
0500000US17019,19.0,23.5,8.1,6.7,5.6,5.1,4.9,5.4,5.5,5.1,11.1
0500000US17021,21.2,8.0,5.9,5.8,6.4,5.8,6.9,7.6,7.4,6.6,18.5
0500000US17023,22.7,7.8,5.4,5.7,5.9,5.6,6.7,7.7,6.9,6.7,18.7
0500000US17025,22.4,8.0,5.1,5.6,4.7,6.4,6.1,7.6,7.3,7.9,18.9
0500000US17027,21.4,8.1,6.7,7.2,6.4,6.2,6.9,7.8,6.8,6.5,15.9
0500000US17029,18.0,20.2,7.2,5.8,5.3,4.8,5.3,6.1,6.8,5.3,15.1
0500000US17031,22.7,9.5,8.3,7.9,6.9,6.6,6.5,6.7,6.4,5.6,13.0
0500000US17033,19.5,8.7,6.4,6.4,5.9,6.8,6.5,7.4,7.0,7.0,18.3
0500000US17035,23.0,7.4,5.2,6.1,6.3,5.4,6.4,7.3,7.8,6.9,18.0
0500000US17037,21.9,19.9,7.5,6.2,4.9,6.2,5.7,6.0,5.8,4.6,11.2
0500000US17039,21.8,7.2,5.0,6.2,6.9,5.5,6.9,7.8,8.4,6.4,17.9
0500000US17041,25.4,8.2,6.1,5.8,6.9,5.4,5.8,6.8,7.0,6.4,16.2
0500000US17043,23.5,8.9,6.2,6.5,6.3,6.7,7.2,7.8,7.3,6.2,13.4
0500000US17045,21.5,7.2,5.3,5.8,6.0,5.9,5.8,7.6,7.6,7.2,20.2
0500000US17047,22.9,7.5,4.9,5.3,5.8,6.1,6.5,7.0,7.5,7.1,19.4
0500000US17049,23.8,8.7,6.2,6.3,6.1,5.1,6.2,7.6,7.0,6.4,16.7
0500000US17051,21.6,9.3,6.6,6.2,5.9,6.5,6.6,7.5,7.4,5.6,16.8
0500000US17053,23.1,7.1,4.9,5.6,5.7,5.9,6.1,7.6,8.2,6.2,19.6
0500000US17055,22.2,7.7,5.9,5.5,6.1,6.1,6.5,6.9,7.6,6.2,19.4
0500000US17057,20.3,8.0,6.0,6.1,6.7,6.4,6.5,7.3,6.8,7.2,18.9
0500000US17059,21.6,6.8,4.8,5.4,4.9,7.0,6.0,7.0,7.7,6.2,22.6
0500000US17061,21.6,7.9,5.3,5.9,5.9,6.3,6.7,7.6,8.3,6.1,18.4
0500000US17063,25.9,8.3,5.6,6.9,6.8,7.2,7.1,7.3,6.9,5.1,12.9
0500000US17065,22.4,7.3,4.9,6.0,5.8,5.7,6.2,7.1,6.8,7.7,20.2
0500000US17067,20.8,7.1,4.8,5.2,5.5,5.1,6.2,7.6,7.8,7.4,22.6
0500000US17069,17.9,7.4,2.6,5.4,10.0,5.4,7.8,8.9,7.8,8.9,17.8
0500000US17071,19.2,7.2,4.4,4.9,3.3,6.2,6.5,8.3,8.0,8.7,23.3
0500000US17073,22.9,7.9,4.8,5.8,6.1,5.5,6.6,7.4,8.0,6.5,18.5
0500000US17075,22.2,7.4,5.0,5.4,4.8,6.2,6.3,7.6,7.3,7.2,20.5
0500000US17077,18.1,22.6,8.4,6.1,5.2,5.0,4.7,5.6,5.8,5.3,13.1
0500000US17079,23.1,7.1,5.1,5.8,5.2,6.0,6.7,8.5,7.7,7.0,17.9
0500000US17081,21.9,8.5,6.0,6.0,6.4,5.9,7.0,7.0,6.8,6.6,17.8
0500000US17083,21.4,9.8,5.3,5.5,4.8,6.9,6.6,8.0,6.3,7.7,17.6
0500000US17085,19.7,6.9,4.3,4.5,4.3,6.2,5.9,7.3,7.0,9.4,24.4
0500000US17087,18.0,9.4,6.5,6.0,6.0,6.7,7.1,7.2,8.1,5.9,19.0
0500000US17089,27.1,8.9,5.8,6.5,6.8,7.1,7.2,7.2,6.1,5.5,11.7
